
1 Tavuk 12 12 2022 12 12 2023 1.51 120 70

2 Ayran 21 11 2022 21 11 2023 0.1 300 50

3 Pilav 22 12 2022 22 12 2023 2.3 400 90

4 BulgurPilavı 23 12 2022 23 12 2023 2 400 80

5 TarhanaÇorbası 24 12 2022 24 12 2023 1 200 20

6 Makarna 25 12 2022 25 12 2023 0.7 300 10

7 EzogelinÇorbası 26 12 2022 26 12 2023 0.2 200 20

8 KıymalıBörek 27 12 2022 27 12 2023 2.7 700 100

9 Simit 28 12 2022 28 12 2023 0.9 100 70

10 Ekmek 29 12 2022 29 12 2023 1 200 80

11 PeynirliPoğaça 30 12 2022 30 12 2023 1 200 90

12 ÇiğBörek 31 12 2022 31 12 2023 1.7 200 40

13 Salata 1 11 2022 1 11 2023 0.1 400 50

14 Köfte 2 11 2022 2 11 2023 2.9 400 130

15 Tost 3 11 2022 3 11 2023 2 100 20

16 Pizza 4 11 2022 4 11 2023 1.8 100 60

17 Hamburger 5 11 2022 5 11 2023 3 100 80

18 Kola 6 11 2022 6 11 2023 0.8 200 30

19 FırındaBalık 7 11 2022 7 11 2023 1.4 200 100

20 Gazoz 8 11 2022 8 11 2023 0.05 200 10